verbosity=none
forcing_file=./forcings/Haandvaerkervej_Perma_road_04Jan2023_to_07feb2024_updated.csv
soil_moisture_bmi=1
end_time=9573.34[h]
dt=600.0[sec]
soil_params.smcmax=0.468[m/m]
soil_params.b=18.8[]
soil_params.satpsi=0.3467[m]
soil_params.quartz=0.25[]
ice_fraction_scheme=Schaake[]
tc_factor=1.234
soil_z=0.03,0.06,0.09,0.12,0.15,0.18,0.21,0.24,0.27,0.30,0.33,0.36,0.39,0.42,0.45,0.48,0.51,0.54,0.57,0.60,0.63,0.66,0.69,0.72,0.75,0.78,0.81,0.84,0.87,0.90,0.93,0.96,0.99,1.02,1.05,1.08,1.11,1.14,1.17,1.20,1.23,1.26,1.29,1.32,1.35,1.38,1.41,1.44,1.47,1.50,1.53,1.56,1.59,1.62,1.65,1.68,1.71,1.74,1.77,1.80,1.83,1.86,1.89,1.92,1.95,1.98,2.01,2.04,2.07,2.10,2.13,2.16,2.19,2.22,2.25,2.28,2.31,2.34,2.37,2.40,2.43,2.46,2.49,2.52,2.55,2.58,2.61,2.64,2.67,2.70,2.73,2.76,2.79,2.82,2.85,2.88,2.91,2.94,2.97,3.00[m]
soil_temperature=276.836,277.082,276.997,276.511,275.918,275.273,274.603,274.322,274.043,273.766,273.496,273.249,273.15,273.15,273.15,273.15,273.15,273.15,273.15,273.15,273.15,273.15,273.15,273.15,273.15,273.15,273.155,273.16,273.164,273.169,273.17,273.17,273.17,273.17,273.17,273.17,273.17,273.17,273.17,273.17,273.17,273.17,273.17,273.17,273.17,273.17,273.17,273.17,273.17,273.17,273.17,273.17,273.17,273.17,273.17,273.17,273.17,273.17,273.17,273.17,273.17,273.17,273.17,273.17,273.17,273.17,273.17,273.17,273.17,273.17,273.17,273.17,273.17,273.17,273.17,273.17,273.17,273.17,273.17,273.17,273.17,273.17,273.17,273.17,273.17,273.17,273.17,273.17,273.17,273.17,273.17,273.17,273.17,273.17,273.17,273.17,273.17,273.17,273.17,273.17[K]
