verbosity=none
forcing_file=./forcings/Haandvaerkervej_Perma_road_TRANSIENT_2-nov-2022--7-feb-2024.csv
soil_moisture_bmi=1
end_time=11038.4[h]
dt=600.0[sec]
soil_params.smcmax=0.6[m/m]
soil_params.b=18.8[]
soil_params.satpsi=0.3467[m]
soil_params.quartz=0.25[]
ice_fraction_scheme=Schaake[]
tc_factor_frozen=1.0
tc_factor_unfrozen=1.0
soil_z=0.03,0.06,0.09,0.12,0.15,0.18,0.21,0.24,0.27,0.30,0.33,0.36,0.39,0.42,0.45,0.48,0.51,0.54,0.57,0.60,0.63,0.66,0.69,0.72,0.75,0.78,0.81,0.84,0.87,0.90,0.93,0.96,0.99,1.02,1.05,1.08,1.11,1.14,1.17,1.20,1.23,1.26,1.29,1.32,1.35,1.38,1.41,1.44,1.47,1.50,1.53,1.56,1.59,1.62,1.65,1.68,1.71,1.74,1.77,1.80,1.83,1.86,1.89,1.92,1.95,1.98,2.01,2.04,2.07,2.10,2.13,2.16,2.19,2.22,2.25,2.28,2.31,2.34,2.37,2.40,2.43,2.46,2.49,2.52,2.55,2.58,2.61,2.64,2.67,2.70,2.73,2.76,2.79,2.82,2.85,2.88,2.91,2.94,2.97,3.00[m]
soil_temperature=286.273,285.166,284.581,284.343,284.298,284.345,284.426,284.51,284.669,284.795,284.887,284.953,284.998,285.028,285.048,285.053,285.056,285.057,285.055,285.052,285.047,285.041,285.034,285.025,285.016,285.006,284.995,284.984,284.973,284.961,284.955,284.949,284.942,284.936,284.93,284.923,284.917,284.911,284.904,284.898,284.892,284.885,284.879,284.873,284.866,284.86,284.854,284.847,284.841,284.835,284.828,284.822,284.816,284.809,284.803,284.797,284.79,284.784,284.778,284.771,284.765,284.759,284.752,284.746,284.74,284.733,284.727,284.721,284.714,284.708,284.702,284.695,284.689,284.683,284.676,284.67,284.664,284.657,284.651,284.645,284.638,284.632,284.626,284.619,284.613,284.607,284.6,284.594,284.588,284.581,284.575,284.569,284.562,284.556,284.55,284.543,284.537,284.531,284.524,284.518[K]
